100.0 2.0
100.0 4.0
100.0 6.0
100.0 8.0
80.0 8.0
66.66666666666666 8.0
71.42857142857143 10.0
75.0 12.0
66.66666666666666 12.0
70.0 14.000000000000002
72.72727272727273 16.0
75.0 18.0
69.23076923076923 18.0
64.28571428571429 18.0
60.0 18.0
56.25 18.0
58.82352941176471 20.0
55.55555555555556 20.0
57.89473684210527 22.0
55.00000000000001 22.0
52.38095238095239 22.0
50.0 22.0
47.82608695652174 22.0
45.83333333333333 22.0
44.0 22.0
46.15384615384615 24.0
44.44444444444444 24.0
42.857142857142854 24.0
44.827586206896555 26.0
43.333333333333336 26.0
45.16129032258064 28.000000000000004
46.875 30.0
45.45454545454545 30.0
44.11764705882353 30.0
42.857142857142854 30.0
41.66666666666667 30.0
40.54054054054054 30.0
39.473684210526315 30.0
38.46153846153847 30.0
40.0 32.0
39.02439024390244 32.0
38.095238095238095 32.0
37.2093023255814 32.0
38.63636363636363 34.0
37.77777777777778 34.0
36.95652173913043 34.0
36.17021276595745 34.0
35.41666666666667 34.0
36.734693877551024 36.0
36.0 36.0
